100 100
0  44 6  61 44 9  56 86 90 58 61 61 35 12 51 88 56 73 1  44 9  49 86 54 8  25 87 15 61 43 70 73 5  82 37 20 45 19 50 54 26 23 12 19 25 81 84 28 87 58 54 79 13 34 7  74 77 16 90 74 23 6  85 57 75 27 71 9  54 47 87 13 33 84 68 33 6  23 28 18 23 30 67 89 79 17 50 71 43 85 88 25 44 13 73 63 43 68 82 7  
55 0  46 35 14 60 42 5  90 84 26 70 42 15 51 38 53 53 66 26 37 75 3  47 69 7  22 73 79 57 64 33 41 70 12 53 49 84 8  16 9  58 38 40 83 47 2  80 12 89 2  36 29 6  7  76 29 83 2  35 6  41 60 63 35 18 43 57 71 56 14 61 29 49 55 59 11 56 19 19 58 72 85 18 10 10 84 41 62 1  89 40 31 11 53 13 47 66 89 83 
28 57 0  54 73 50 68 7  2  34 16 26 35 73 21 65 56 3  49 11 55 47 54 14 63 52 49 24 22 1  5  89 66 85 23 15 11 57 47 80 50 68 10 57 14 27 19 33 6  71 32 20 89 20 75 11 12 65 79 90 26 51 83 60 55 71 8  68 34 5  43 80 1  88 64 14 33 42 71 64 17 44 72 11 89 90 22 73 2  61 70 59 48 60 25 88 59 56 48 20 
80 61 29 0  85 13 36 43 20 85 25 38 63 29 45 29 88 26 78 68 65 66 60 75 62 26 41 13 29 65 9  82 50 6  87 10 68 82 53 68 5  22 45 30 40 62 27 75 51 53 9  5  27 48 7  5  38 4  67 83 38 64 37 34 87 42 3  58 70 42 60 5  74 19 61 64 69 46 67 64 77 44 36 55 36 60 27 53 56 78 77 73 79 7  86 85 33 63 6  62 
18 78 77 56 0  26 78 29 82 62 67 57 38 58 2  54 62 79 18 54 45 8  82 60 73 49 41 61 5  4  13 25 6  12 13 1  31 60 79 2  45 70 28 59 74 87 51 46 28 40 31 79 24 62 74 55 90 43 6  70 30 16 36 87 42 90 19 30 73 63 42 43 71 23 34 7  5  73 63 26 38 32 19 38 45 9  90 17 89 61 85 43 25 11 89 66 87 66 41 33 
46 28 69 39 51 0  47 5  74 82 66 46 4  59 4  84 90 80 54 67 19 47 85 47 29 28 41 19 88 61 71 86 86 85 20 44 79 23 11 64 22 32 52 4  13 41 21 68 77 32 75 57 13 13 6  40 81 52 76 60 29 58 77 87 45 5  71 71 45 87 52 62 28 34 62 3  77 74 14 13 82 9  53 86 69 14 18 43 16 55 76 48 83 26 32 49 13 60 49 26 
12 5  16 18 10 23 0  30 34 28 69 26 80 32 41 6  72 58 2  22 68 76 19 49 60 70 44 63 57 70 42 21 52 29 88 47 55 8  54 41 32 78 25 59 74 80 28 3  3  52 90 84 10 47 79 2  61 82 15 48 10 24 27 89 22 81 12 18 39 22 35 42 15 15 15 52 61 75 86 57 36 23 24 74 35 15 3  70 59 51 83 7  13 72 81 64 89 35 72 16 
64 28 79 70 42 77 50 0  1  51 18 10 37 75 57 76 58 67 89 67 73 16 70 82 84 78 36 38 57 23 76 34 5  84 3  28 80 43 10 31 77 11 38 72 60 76 28 19 42 78 75 11 5  42 63 2  50 63 75 75 1  20 44 32 88 50 5  11 37 63 76 83 40 24 70 85 11 70 44 34 55 10 78 13 56 39 26 8  85 5  42 43 62 41 89 3  21 5  52 33 
17 74 73 11 31 7  1  10 0  2  82 78 54 16 63 46 2  21 66 53 13 20 2  6  63 61 67 67 44 67 58 26 37 77 64 14 51 87 47 69 45 31 44 60 12 89 55 62 21 5  31 36 25 72 66 28 77 31 37 11 22 41 57 21 56 21 77 83 79 59 90 45 63 46 64 67 88 49 65 36 34 84 30 6  7  66 51 64 49 31 22 43 11 5  33 81 81 25 1  70 
34 68 6  49 82 76 56 40 11 0  90 46 82 74 47 18 69 61 79 81 45 53 41 34 31 18 54 24 79 62 48 62 84 82 27 30 34 84 71 31 32 48 87 36 29 34 44 47 33 35 39 81 79 10 87 44 52 45 90 6  61 28 18 3  55 71 37 14 16 64 7  53 26 87 25 13 5  43 14 4  90 21 86 12 6  50 31 8  73 46 31 4  46 65 64 13 65 74 75 42 
65 40 21 82 48 6  68 31 11 31 0  81 57 22 56 33 79 81 64 28 65 25 16 58 87 28 63 21 12 22 42 72 88 63 30 43 37 62 69 73 64 76 45 5  45 8  52 75 47 87 73 15 5  42 22 46 75 65 16 12 20 46 73 84 51 48 23 58 6  72 28 58 20 1  71 82 88 50 69 7  25 90 37 80 21 63 44 33 21 28 53 86 47 75 54 3  36 20 56 1  
54 24 5  57 7  73 19 4  13 37 83 0  41 65 69 35 37 34 24 25 72 71 80 15 34 53 82 19 55 47 82 22 31 41 44 84 34 72 58 57 66 73 78 62 69 1  41 24 20 22 55 27 31 13 85 70 56 85 88 90 10 46 35 58 53 39 79 52 90 45 15 76 55 35 33 34 56 69 57 30 2  22 61 76 57 10 5  50 10 80 64 40 82 63 69 81 88 25 48 38 
46 62 3  19 89 20 85 80 22 9  63 25 0  58 38 51 84 9  73 74 58 14 39 50 81 49 57 90 61 47 11 60 72 46 8  36 50 12 70 30 9  65 82 2  36 9  5  73 66 34 30 9  16 18 37 29 29 16 22 82 68 10 59 75 63 11 45 12 64 52 15 20 2  7  29 61 73 23 72 25 2  89 64 17 83 23 56 24 35 28 68 8  15 38 61 46 9  50 56 13 
41 30 87 72 77 31 8  67 16 74 7  37 35 0  63 86 54 5  72 83 32 19 86 43 26 54 54 45 10 26 82 69 39 4  39 31 88 53 21 22 69 87 34 30 47 78 40 11 34 88 83 61 62 28 76 90 76 87 27 54 19 23 90 9  34 47 35 35 74 21 39 26 20 31 3  47 35 53 11 35 75 17 11 4  68 28 42 46 36 67 16 50 38 59 80 46 4  73 3  11 
52 48 17 30 3  63 46 40 19 20 48 55 30 35 0  15 76 30 45 24 35 39 59 40 18 26 39 85 38 3  53 59 84 87 14 82 90 80 81 21 88 83 76 7  41 19 19 85 2  13 43 50 63 70 21 66 38 87 82 84 9  18 75 57 37 22 6  8  65 50 7  41 37 36 76 10 76 50 10 79 39 19 43 32 2  72 41 35 60 81 4  81 32 50 69 53 55 66 7  54 
87 88 52 10 68 71 59 83 10 19 31 57 24 77 13 0  19 61 28 70 77 24 5  61 60 37 19 80 3  66 41 77 86 8  19 5  61 35 6  29 10 23 85 7  31 80 23 25 37 20 78 5  16 19 32 27 11 90 21 34 57 25 53 36 72 72 61 68 11 10 71 10 90 31 35 32 79 38 58 1  41 75 60 35 38 49 8  85 13 55 63 41 42 22 87 15 36 38 64 90 
75 9  28 12 26 79 28 59 50 89 45 12 74 26 87 10 0  22 63 61 63 19 75 78 14 5  59 30 51 30 75 27 25 44 15 4  36 89 83 56 20 66 54 10 35 51 62 54 14 34 81 43 71 31 74 31 19 2  2  44 7  72 8  35 42 73 1  77 44 21 68 59 51 47 74 13 7  16 64 25 14 19 32 38 26 38 66 5  44 79 28 36 56 5  85 88 9  21 49 2  
52 67 39 71 62 43 18 12 72 63 8  74 35 45 56 4  2  0  43 49 85 47 25 85 69 42 15 69 15 65 35 55 44 63 14 58 89 28 71 65 20 45 5  37 3  40 66 72 35 88 73 68 81 84 38 45 33 83 8  19 11 80 42 53 13 79 16 33 15 82 17 76 84 78 7  40 18 71 44 7  14 25 4  40 52 42 82 28 86 26 54 61 79 50 75 64 62 41 26 21 
88 51 15 56 17 44 35 67 75 60 41 81 54 45 16 54 1  90 0  78 3  76 69 60 66 48 85 64 82 2  43 65 83 33 8  16 87 69 43 86 15 7  44 38 1  85 53 41 83 66 38 6  11 34 53 5  54 39 41 83 60 31 32 69 35 43 18 4  51 36 45 41 15 41 9  3  30 36 73 10 57 89 10 72 59 31 63 35 57 58 49 25 34 6  68 19 16 28 73 3  
31 11 41 24 64 32 59 59 59 34 17 37 54 14 34 53 25 12 40 0  14 68 65 90 60 61 73 23 57 36 69 68 59 68 40 38 4  4  38 60 65 21 82 13 39 24 1  61 80 51 53 3  59 53 9  20 6  85 10 79 50 22 5  79 70 63 80 88 70 13 82 14 25 28 47 81 15 53 28 43 55 68 71 17 73 83 74 66 9  63 75 75 6  43 85 73 7  57 35 28 
65 78 51 47 24 35 8  81 49 79 10 55 22 34 53 42 63 56 56 49 0  35 78 31 62 41 78 63 73 75 76 20 73 17 85 38 54 50 52 22 64 75 32 64 26 61 60 1  17 83 56 20 57 41 7  75 58 73 24 79 11 30 67 39 1  55 71 83 23 24 22 14 81 73 77 90 62 24 69 19 53 10 9  34 77 66 73 6  70 90 21 84 38 82 71 35 48 23 4  48 
7  80 31 73 67 43 46 34 65 84 53 77 54 80 42 68 29 25 22 29 86 0  71 17 83 6  58 80 51 22 21 67 31 41 68 21 3  1  9  13 6  63 65 79 84 46 42 76 8  42 64 21 1  69 44 30 62 89 37 80 80 64 85 62 43 38 61 4  19 61 72 38 53 40 9  30 65 25 17 66 53 27 16 53 67 10 72 86 24 11 33 1  29 41 41 88 27 83 38 69 
21 14 27 37 83 59 64 31 69 57 50 68 15 6  72 51 60 47 62 39 9  1  0  82 6  88 86 8  27 37 45 77 52 37 83 88 58 67 74 20 29 36 84 56 5  75 26 7  8  71 39 8  35 3  69 30 53 65 80 81 32 15 77 12 84 27 86 67 61 34 44 81 46 85 85 68 79 1  53 35 74 6  7  1  43 48 14 77 46 86 71 77 40 10 24 66 60 66 16 38 
24 35 28 81 86 57 11 40 54 68 66 63 48 42 82 63 77 87 61 51 30 30 44 0  27 34 53 42 41 47 52 76 22 78 74 34 70 6  2  14 23 33 89 52 52 16 41 14 73 16 55 36 32 7  83 67 44 59 83 75 79 19 17 16 51 3  45 35 10 20 65 44 60 88 15 69 3  57 69 77 51 64 45 81 44 83 2  89 42 3  29 57 43 29 26 72 43 45 48 4  
2  53 32 45 64 5  63 42 4  55 38 13 69 6  68 63 42 37 5  79 83 73 7  2  0  33 56 7  24 90 6  56 7  32 40 72 19 72 26 5  88 27 19 28 83 52 1  70 32 31 43 47 10 39 7  59 27 1  52 41 22 46 31 66 2  88 31 19 10 31 84 7  45 1  36 22 30 77 27 48 75 57 37 53 88 49 49 74 87 19 50 44 25 21 4  5  20 69 67 37 
22 66 62 31 2  83 20 73 83 24 82 69 18 21 34 37 79 74 8  23 66 60 54 60 38 0  17 15 68 59 24 45 9  84 38 23 85 58 37 88 9  80 80 59 84 47 14 71 58 49 56 83 38 88 89 75 19 64 55 32 59 84 63 26 47 13 55 77 3  51 80 2  74 56 67 90 79 17 68 75 31 53 17 81 40 18 25 81 82 56 43 77 49 55 64 77 79 11 76 49 
27 18 28 21 62 38 90 5  29 66 6  11 21 34 25 3  81 17 77 24 37 69 2  40 85 47 0  74 80 64 23 33 37 38 73 37 82 76 40 75 51 77 44 46 81 67 58 60 3  46 73 57 44 5  31 44 7  16 89 6  23 85 89 19 76 40 41 86 70 85 53 4  26 76 34 35 18 83 22 25 7  85 87 43 50 34 56 55 65 41 7  12 11 5  63 16 30 62 26 55 
10 68 5  51 31 34 22 83 7  51 29 51 45 81 38 56 41 53 15 88 64 1  80 19 61 80 26 0  21 42 3  23 44 43 18 11 16 41 29 66 17 89 4  69 55 27 50 40 25 59 33 33 64 79 3  51 60 11 69 68 8  33 69 50 26 80 88 25 22 55 60 54 31 9  65 25 89 4  21 14 59 16 38 76 63 66 33 45 60 67 59 9  32 75 26 63 27 19 82 33 
26 58 79 33 37 64 31 23 71 37 38 49 30 69 75 71 2  12 62 90 9  60 54 60 14 38 42 23 0  81 2  25 32 50 27 38 58 25 80 33 3  2  81 13 78 85 73 35 35 27 55 4  71 87 82 50 8  35 37 60 20 70 28 18 16 8  32 13 32 6  8  50 44 30 43 7  10 10 81 89 69 16 10 87 28 48 40 58 79 82 55 90 50 19 60 73 41 37 74 90 
19 69 48 60 26 15 44 36 33 64 75 54 44 70 83 24 31 81 76 21 39 23 55 20 32 34 63 8  4  0  25 37 35 51 46 28 13 48 54 54 3  61 86 89 36 9  45 5  85 69 71 58 40 74 47 80 77 32 53 24 62 11 34 76 13 53 11 52 26 45 10 54 53 80 89 77 47 34 66 3  16 18 12 29 65 46 62 1  8  3  88 34 34 71 49 27 12 66 4  87 
43 1  35 77 74 20 56 45 48 58 67 20 87 35 87 64 35 7  78 72 43 78 82 51 12 56 58 59 37 35 0  36 7  79 87 82 1  10 36 61 47 83 48 78 60 25 8  53 6  82 75 64 79 43 53 53 47 64 55 28 38 29 43 14 87 5  59 4  24 71 51 43 20 65 2  42 71 52 28 7  45 24 21 32 46 2  83 66 19 40 49 76 25 37 20 6  27 6  44 29 
82 50 15 79 69 14 58 8  9  15 28 89 32 31 41 62 28 53 32 53 36 67 8  49 53 49 79 76 6  72 5  0  29 54 30 10 26 54 17 49 71 79 14 38 35 50 83 34 28 27 4  60 31 22 53 38 23 88 38 46 88 52 13 36 63 28 39 4  33 85 74 18 16 47 90 48 60 35 78 74 59 82 35 66 80 6  35 25 50 80 12 79 40 45 89 66 13 45 10 23 
29 31 54 62 56 71 56 80 52 8  17 19 71 83 57 48 30 73 81 19 47 42 29 14 63 21 26 39 47 74 36 82 0  76 85 21 4  11 21 34 76 18 57 61 50 36 87 25 73 20 9  48 80 76 62 30 84 34 87 57 74 86 87 63 71 75 71 81 75 58 35 11 4  73 1  43 64 35 84 78 60 28 13 61 89 68 67 33 71 48 90 34 87 78 15 61 64 16 81 16 
44 64 22 44 14 51 24 39 10 12 41 4  56 87 83 84 61 16 47 45 21 52 66 83 26 71 37 38 82 60 49 76 65 0  31 7  30 86 2  73 44 81 90 4  88 9  54 33 71 50 59 27 87 76 76 29 6  70 86 77 28 24 60 43 59 39 61 89 85 40 85 87 15 9  44 18 53 11 17 82 3  47 26 5  29 71 16 75 34 48 87 53 50 73 16 47 85 41 46 37 
13 34 1  73 67 83 24 61 7  41 83 23 54 89 20 90 3  13 41 47 20 44 20 56 16 16 44 69 35 1  75 9  30 75 0  70 60 33 83 89 46 64 74 75 83 60 65 18 47 84 82 4  7  30 46 54 6  6  30 38 65 14 42 63 14 85 75 20 73 38 61 72 82 86 84 61 19 14 56 42 12 40 4  89 1  36 72 11 57 13 53 73 47 85 58 11 73 52 55 82 
22 81 15 4  27 44 45 72 81 32 42 29 74 27 52 90 14 52 50 25 22 6  82 64 85 20 20 35 37 9  80 59 65 19 67 0  29 10 44 38 52 76 88 38 73 49 61 3  33 78 23 59 50 31 75 84 20 38 84 56 28 68 50 59 73 13 16 6  34 89 48 30 84 79 41 79 23 28 57 18 69 79 65 64 88 45 23 42 10 46 33 90 86 1  72 79 57 71 46 14 
68 40 71 12 49 18 4  69 72 31 79 52 32 9  14 80 55 18 87 85 78 72 69 4  63 38 74 33 63 11 68 33 64 21 54 16 0  35 11 49 17 89 73 73 77 68 86 39 17 33 90 10 26 87 7  44 41 77 3  17 61 37 85 5  50 78 90 32 27 53 78 53 20 69 72 62 82 61 26 77 40 7  18 61 16 51 83 17 24 27 72 9  34 85 1  34 63 45 32 15 
82 35 66 7  66 1  67 84 26 78 88 12 19 78 80 47 29 87 65 56 37 25 22 90 52 71 11 53 90 75 32 16 80 18 61 85 19 0  45 26 9  72 5  19 18 82 68 15 15 51 33 22 71 59 54 56 61 38 82 26 64 7  42 60 65 66 45 25 62 64 87 84 45 35 67 43 44 86 18 12 47 41 1  32 69 55 72 14 52 57 62 43 88 38 80 67 18 72 61 82 
7  36 33 83 3  35 27 75 8  50 27 65 86 33 68 33 34 10 16 89 41 42 62 11 58 56 40 8  88 41 76 74 4  89 54 41 6  88 0  25 24 71 44 18 80 16 21 58 85 18 26 20 33 2  34 47 30 18 82 60 35 19 73 34 86 58 1  6  33 29 47 61 71 27 8  24 24 7  63 25 65 9  87 67 25 34 43 41 83 32 42 28 18 53 90 73 59 86 64 30 
69 34 27 35 3  39 38 57 67 61 23 34 25 72 24 83 33 26 64 43 59 77 89 8  36 74 48 24 10 50 27 56 33 11 6  89 6  54 59 0  2  32 21 2  13 36 77 44 4  30 12 73 67 80 49 23 56 9  82 9  84 11 71 86 89 90 39 75 59 13 43 54 3  2  54 57 68 8  26 26 64 88 33 33 34 90 74 64 7  46 16 39 81 65 73 6  9  8  46 54 
1  46 87 51 14 90 30 64 64 87 74 3  27 31 49 61 8  61 77 83 62 13 6  65 36 47 25 5  73 31 60 69 4  50 74 32 24 70 80 38 0  25 24 67 65 57 69 16 9  34 57 65 1  43 16 21 89 62 76 85 11 61 31 18 49 37 73 74 84 70 83 45 61 12 90 7  86 14 20 64 17 78 79 58 28 83 12 68 58 35 15 32 81 42 76 30 24 1  36 78 
17 33 17 5  10 50 65 44 52 42 87 3  58 71 66 60 85 38 49 38 10 70 35 64 64 69 35 15 55 42 17 79 75 52 38 11 89 62 44 49 65 0  49 17 89 23 74 57 63 1  32 5  41 40 26 30 23 62 36 5  81 86 1  42 8  58 52 85 19 66 55 52 90 86 1  51 61 81 86 71 65 39 33 46 44 38 77 71 68 49 36 17 42 57 1  68 40 36 77 7  
32 21 65 31 53 8  46 33 13 44 52 36 27 18 3  63 45 16 35 63 39 59 77 34 70 4  62 71 63 83 88 67 54 59 88 47 43 5  13 81 18 90 0  9  90 2  40 63 5  85 18 25 33 77 43 29 2  43 70 43 53 27 61 79 43 27 11 86 54 19 77 80 16 44 55 26 23 62 90 62 78 47 8  31 77 86 23 50 38 76 6  21 60 38 50 5  24 35 46 52 
35 19 83 24 50 88 33 67 53 87 32 54 18 39 16 39 16 50 87 40 57 60 3  63 64 87 48 29 64 37 68 89 49 65 72 46 12 69 14 23 6  62 15 0  74 12 52 35 8  89 72 77 59 11 41 12 52 38 5  33 21 56 60 39 56 15 83 65 84 88 1  66 6  53 84 40 1  36 43 28 2  47 7  26 21 75 62 1  22 4  81 39 36 16 55 55 36 37 75 79 
26 88 69 80 13 50 4  74 11 29 11 75 46 14 4  10 73 74 38 40 50 2  29 10 64 71 78 23 33 8  49 75 70 50 76 35 77 19 52 29 61 76 49 85 0  63 65 31 50 12 90 83 48 42 67 12 68 70 39 70 34 48 11 38 38 27 17 32 36 50 3  23 74 26 12 20 54 49 68 39 42 76 36 83 33 10 25 87 36 33 83 54 55 5  79 43 51 82 15 15 
81 52 60 3  87 23 5  60 53 52 41 16 51 9  26 28 28 7  25 20 59 35 19 90 81 67 78 73 88 66 86 53 22 49 68 47 43 25 37 30 51 77 70 61 44 0  21 75 2  74 54 49 46 43 84 63 23 22 19 17 80 27 81 35 30 32 22 21 52 75 22 46 52 74 30 6  24 24 47 80 12 83 10 51 19 27 3  38 22 79 50 17 74 84 72 81 26 29 83 58 
38 67 33 82 73 3  15 48 85 88 5  40 32 12 38 29 89 70 65 70 23 49 64 76 48 52 35 52 6  70 80 53 32 49 42 54 63 84 7  78 58 6  88 4  1  26 0  37 29 28 40 45 86 1  22 51 26 62 10 15 66 19 83 18 51 69 41 54 68 39 53 46 6  71 60 44 27 9  44 78 52 59 28 72 18 34 67 58 76 41 71 89 63 8  57 4  72 17 35 84 
41 28 15 66 79 72 59 86 81 74 4  64 31 14 81 13 51 9  20 62 70 25 75 47 16 86 24 57 83 87 24 16 5  38 18 74 19 45 6  20 3  57 57 37 41 44 23 0  69 73 81 35 14 23 84 83 21 77 52 90 63 6  56 22 56 69 62 35 62 29 22 81 90 32 32 17 56 78 33 12 41 41 32 19 27 51 68 82 88 4  15 60 2  2  41 89 53 20 31 51 
79 60 47 11 50 90 11 78 36 43 85 59 82 11 60 85 22 58 37 33 34 19 8  36 66 49 67 26 46 4  10 46 46 26 60 84 19 29 37 31 78 78 80 68 77 11 47 64 0  50 39 51 37 25 62 4  13 38 69 25 10 14 46 78 54 30 66 43 80 67 32 60 24 46 64 25 19 52 37 41 3  18 62 18 81 35 76 84 77 23 69 80 16 40 24 40 76 83 65 74 
40 85 53 41 19 51 27 57 73 31 32 77 46 41 57 23 63 40 14 41 71 67 66 8  8  47 49 61 11 42 11 63 70 69 2  3  56 62 39 4  36 24 7  43 45 63 68 72 75 0  40 43 5  18 75 67 56 1  15 30 43 45 24 84 30 58 46 60 28 45 37 82 48 81 78 45 59 22 17 30 15 58 74 13 41 37 64 56 48 51 26 22 29 63 90 73 86 9  20 39 
77 43 79 65 71 23 32 12 55 5  21 3  75 30 75 74 20 56 75 73 56 2  80 63 17 83 90 65 20 86 77 11 48 66 34 89 5  66 31 61 51 13 12 78 27 72 62 24 36 46 0  42 83 18 46 55 6  68 80 4  59 66 79 48 38 45 59 38 6  86 20 73 24 63 61 82 10 90 51 78 57 90 74 72 2  60 86 77 64 4  14 85 35 86 65 32 10 12 16 65 
78 24 28 32 81 65 87 3  67 46 27 74 64 22 26 54 86 44 60 84 81 31 85 45 8  79 76 31 10 57 23 55 50 39 44 29 37 68 41 1  56 14 43 28 56 85 78 72 40 11 1  0  64 29 30 9  9  36 74 60 9  40 65 86 62 84 67 8  54 13 87 85 14 22 79 26 81 39 67 57 64 90 83 35 5  49 55 52 63 80 32 6  6  79 54 37 62 29 35 81 
78 65 64 67 23 39 87 48 30 37 77 30 28 71 19 7  54 88 33 41 4  33 5  25 57 85 3  22 69 1  41 29 32 20 69 20 26 51 53 21 10 82 34 48 35 85 84 54 60 66 51 14 0  27 31 55 67 43 6  47 32 11 28 21 71 4  68 62 72 35 47 44 83 15 20 68 49 87 22 43 53 85 7  84 45 66 23 78 46 16 25 48 24 20 73 61 61 84 43 79 
8  36 5  41 62 53 22 44 83 15 54 69 40 62 55 48 67 53 14 61 39 62 73 49 54 85 12 80 14 85 36 18 70 32 24 41 43 71 60 42 90 57 66 6  71 27 4  71 58 80 87 9  20 0  10 25 17 51 40 35 8  9  43 55 53 36 37 46 21 28 2  71 8  24 73 62 72 56 59 15 19 11 8  90 13 67 61 32 11 64 53 18 83 82 9  14 48 63 5  48 
59 61 18 35 16 17 82 27 15 17 19 9  1  53 49 75 47 78 54 57 4  14 3  60 22 18 21 4  60 52 1  63 18 25 16 84 76 5  57 81 60 8  6  24 90 1  33 56 81 32 64 79 56 88 0  80 22 64 35 17 55 56 53 61 66 10 76 24 35 9  90 42 87 50 13 58 33 27 52 29 27 18 67 37 42 81 83 86 79 48 17 66 10 22 44 8  89 85 82 56 
43 34 77 84 31 65 28 40 46 25 82 48 8  12 14 27 8  12 84 23 23 22 83 8  48 78 40 36 78 61 9  23 32 42 3  45 68 8  61 52 60 24 47 84 76 9  4  85 71 46 21 68 2  19 67 0  68 52 77 62 12 80 37 35 70 8  36 87 25 26 67 25 47 8  18 82 63 44 68 63 90 43 24 81 27 1  73 2  59 12 58 67 32 51 15 9  88 52 46 87 
73 79 44 6  52 9  27 73 53 24 82 4  24 10 74 11 27 59 72 77 89 53 23 4  23 46 15 89 28 87 34 29 62 86 85 46 64 81 2  55 43 75 18 47 69 54 20 14 43 10 25 81 21 35 35 31 0  3  77 74 42 49 84 46 57 72 58 71 58 56 66 47 66 76 63 52 62 82 46 88 42 26 69 25 68 75 81 52 49 10 15 57 66 85 87 62 32 47 34 73 
75 15 65 80 85 71 29 49 38 39 26 89 60 41 33 20 70 72 41 85 7  10 51 17 89 69 20 12 72 47 45 55 81 26 7  64 78 53 75 28 29 18 5  57 67 73 59 4  62 8  83 22 61 11 14 18 67 0  27 13 25 69 84 22 27 3  10 81 20 6  37 27 43 83 60 67 17 2  83 71 38 42 77 83 1  35 36 4  2  86 66 7  4  74 1  51 89 6  87 15 
83 30 51 14 48 18 33 7  69 65 20 62 61 85 21 8  32 39 26 32 87 89 83 17 84 43 23 21 23 46 20 43 40 70 20 9  44 48 74 52 86 53 35 83 24 59 42 42 36 36 32 90 72 79 25 76 33 72 0  43 48 77 35 49 54 44 78 20 64 10 7  23 8  6  54 67 77 18 76 25 78 65 30 31 24 37 22 71 65 30 60 1  90 2  76 79 14 48 16 34 
8  11 18 87 16 40 30 32 42 73 18 77 90 76 75 70 13 50 5  37 43 55 25 22 56 28 49 9  25 77 15 3  57 72 54 14 86 41 24 8  76 65 61 70 43 68 27 90 31 89 60 81 24 5  40 46 50 86 13 0  44 87 35 4  75 25 55 35 70 54 51 29 36 33 22 82 75 49 11 6  59 31 50 78 36 50 57 46 27 67 18 70 57 2  2  86 54 61 90 78 
81 41 18 17 8  88 19 31 2  79 38 26 26 17 36 16 86 83 26 61 28 15 57 77 68 53 8  78 27 3  57 36 60 11 23 48 23 11 3  12 21 50 89 43 14 5  3  33 11 42 28 51 87 83 63 58 87 5  70 63 0  68 14 39 11 17 39 46 65 44 40 64 12 86 54 26 53 38 87 27 3  62 88 54 84 45 66 19 90 13 19 64 42 41 60 72 47 88 74 9  
2  75 66 38 76 31 83 14 21 48 30 46 16 21 52 83 33 58 61 52 65 35 54 36 26 77 34 40 5  54 67 58 88 47 50 10 42 80 44 15 64 21 35 61 77 71 18 42 5  37 61 6  8  73 31 73 69 20 40 88 66 0  62 34 8  54 88 87 36 88 13 57 48 35 35 35 11 24 75 6  17 60 51 67 18 5  28 88 56 41 27 90 53 11 89 89 21 84 32 3  
54 1  37 20 88 3  47 80 50 45 25 16 25 40 42 84 57 1  72 83 36 21 35 25 27 77 31 39 52 25 43 51 42 52 85 59 66 85 72 13 45 62 49 1  71 10 76 19 50 40 74 73 46 5  77 68 85 20 28 54 45 5  0  26 3  62 19 54 65 41 8  67 30 30 1  51 83 67 25 46 25 67 26 27 24 26 60 83 84 27 3  41 59 1  41 86 2  52 1  14 
51 43 63 41 38 40 22 27 25 84 76 83 34 47 42 63 53 74 58 26 6  55 17 24 16 79 77 15 59 23 34 65 25 51 65 26 67 5  49 27 89 11 47 75 36 17 12 23 28 31 44 48 73 26 25 64 80 25 37 29 76 27 74 0  60 21 28 66 36 1  71 76 86 54 1  43 2  41 84 15 81 29 65 85 7  8  86 18 25 66 58 7  17 20 29 59 12 86 53 6  
79 80 39 47 25 3  60 31 55 65 26 9  41 83 11 39 82 66 11 76 73 56 7  31 18 8  49 30 14 44 26 90 72 33 21 18 59 60 58 32 61 41 34 79 20 69 83 3  57 75 83 71 69 55 81 28 62 85 42 34 55 36 31 24 0  71 8  85 14 6  64 89 9  53 72 76 37 24 18 57 31 1  10 26 63 52 70 36 14 50 1  69 83 34 49 54 65 61 32 36 
54 84 81 25 71 27 86 89 54 14 43 41 19 5  28 83 73 77 43 43 39 16 43 64 33 27 74 71 71 47 86 26 48 90 2  41 87 61 25 34 25 55 20 28 44 44 73 72 38 27 14 4  75 12 23 82 38 34 65 23 44 81 24 78 89 0  48 27 19 42 17 63 51 20 15 47 69 44 32 16 62 46 27 52 12 63 25 11 26 77 51 3  34 16 38 38 47 81 70 86 
87 71 21 49 80 29 80 13 48 38 45 24 34 40 30 70 9  36 20 14 83 78 13 32 24 80 53 44 87 78 3  2  42 40 57 13 16 51 26 68 58 84 78 31 64 22 45 39 76 78 72 86 10 52 31 45 41 42 29 69 69 50 84 28 57 74 0  85 40 56 50 54 35 34 55 39 16 8  28 27 18 22 50 15 26 89 66 47 51 23 84 76 56 66 57 8  79 12 5  8  
44 20 37 64 32 86 30 25 35 62 8  24 69 44 21 4  38 37 8  21 23 70 59 11 38 48 89 43 41 41 16 23 42 44 30 10 85 82 84 29 4  58 36 77 45 90 74 68 58 45 10 74 85 24 75 10 43 71 41 71 43 31 27 43 67 30 34 0  87 9  70 16 86 88 41 64 18 8  54 71 9  63 10 79 18 37 28 44 68 78 48 84 17 77 2  6  7  30 46 58 
79 52 52 70 47 89 71 38 76 25 16 39 20 4  59 43 30 8  35 90 25 43 78 90 24 41 82 85 58 64 13 58 28 15 11 37 57 14 59 39 13 85 81 48 24 71 67 54 19 47 51 56 62 4  52 5  36 30 65 65 75 80 41 19 61 25 49 30 0  56 8  44 61 57 86 27 49 54 86 59 83 77 83 88 86 89 38 1  28 5  58 89 89 82 68 7  40 83 42 8  
79 38 19 7  51 64 21 73 46 53 82 39 28 48 87 33 83 71 69 43 71 24 68 69 15 9  64 34 20 58 85 54 89 22 5  78 68 21 57 5  55 70 10 51 18 35 47 75 34 22 71 30 81 2  12 32 19 39 43 53 32 75 12 15 36 12 52 21 81 0  79 19 19 61 16 89 73 24 25 76 2  30 63 43 86 82 2  69 54 54 41 71 41 86 5  5  2  79 32 13 
22 31 73 37 9  47 15 83 41 72 69 66 85 21 24 56 18 85 61 19 42 36 37 18 48 26 28 51 90 60 37 45 4  65 14 72 34 48 58 35 62 81 37 54 58 24 78 15 31 43 7  31 45 12 59 32 57 35 47 76 57 90 42 89 59 76 31 32 44 5  0  85 4  65 40 16 61 24 11 9  1  76 53 18 63 42 20 76 39 42 30 1  11 39 25 46 73 14 79 68 
57 39 21 15 53 88 10 8  44 2  33 83 13 54 90 89 69 80 61 45 50 42 83 82 3  20 45 40 24 72 56 35 79 29 74 63 86 64 23 78 16 73 9  86 87 31 68 19 18 81 82 10 3  80 41 66 65 27 17 58 50 78 56 2  37 88 73 88 45 85 82 0  7  80 87 89 19 40 63 82 2  10 71 78 55 87 87 11 1  32 74 90 55 54 7  90 39 90 59 90 
62 59 15 22 55 1  43 23 41 56 1  3  29 40 40 79 17 54 84 24 50 30 40 73 17 9  7  49 42 58 53 59 14 27 43 28 1  28 19 51 41 61 69 65 52 54 43 50 12 88 30 41 39 2  28 38 27 72 30 40 17 21 31 45 5  53 44 72 35 49 36 12 0  35 21 57 34 3  52 78 66 6  2  56 53 83 10 9  81 24 22 66 89 43 48 84 66 68 14 44 
44 3  86 41 4  67 40 55 14 48 27 60 37 79 2  1  34 60 63 6  81 47 81 61 66 66 81 1  40 6  76 34 51 78 35 26 47 79 64 51 66 11 32 75 42 42 11 88 84 82 25 23 68 69 65 49 65 85 53 71 80 3  57 7  80 54 90 32 61 58 20 44 50 0  11 88 29 61 34 59 70 8  13 77 83 87 67 33 5  14 19 21 55 27 17 57 30 86 17 30 
15 36 74 42 55 25 65 81 3  69 17 53 53 64 16 11 53 43 23 59 39 6  32 59 23 43 9  25 58 1  23 35 87 34 9  40 50 32 17 29 51 34 43 76 63 26 17 71 23 66 58 78 48 40 61 3  64 3  59 30 25 90 38 86 23 31 68 37 57 32 18 24 33 37 0  34 87 83 6  67 39 85 61 19 59 13 25 32 79 27 25 14 5  34 24 52 13 59 9  83 
2  72 84 42 32 31 49 8  88 66 32 5  8  4  34 76 88 35 73 47 51 88 49 58 41 84 31 6  57 1  8  81 89 24 64 86 6  78 23 70 63 17 78 5  26 5  24 4  9  41 75 43 68 40 11 21 6  20 51 39 7  69 43 85 70 65 84 81 70 26 74 13 42 88 29 0  10 53 67 75 55 90 8  16 18 87 56 62 61 33 56 48 24 10 15 6  70 48 32 48 
45 78 34 87 4  58 49 15 9  81 42 78 84 46 2  82 33 3  27 76 17 87 87 46 86 2  70 35 70 77 56 78 23 89 6  18 34 45 10 45 57 61 18 69 13 90 34 85 40 22 58 78 17 78 32 23 80 7  70 46 45 61 28 42 85 28 45 5  57 42 81 53 90 69 48 78 0  20 47 85 38 24 81 37 75 59 42 77 43 11 1  60 69 62 74 46 19 79 24 66 
42 3  16 46 40 79 37 34 27 56 26 79 87 23 45 58 88 82 68 52 76 19 50 45 62 15 43 56 83 51 45 21 42 27 55 39 13 27 32 77 19 6  11 16 90 65 15 9  14 12 78 87 62 34 58 78 22 27 34 7  16 62 78 65 26 18 20 19 16 25 34 16 13 13 70 19 19 0  17 63 27 47 25 3  37 59 56 66 33 64 89 53 10 64 36 55 53 56 53 88 
34 14 7  63 43 89 40 87 88 89 57 43 10 75 70 64 46 34 86 48 85 32 67 4  19 18 20 80 80 46 74 35 29 83 17 30 68 28 45 26 13 49 61 73 53 55 47 4  28 53 51 48 33 37 35 36 16 81 77 63 51 60 53 41 49 51 28 69 81 69 26 9  24 70 13 83 82 22 0  53 65 74 46 80 40 15 82 41 3  72 42 77 23 13 27 63 60 42 70 36 
17 34 4  67 75 84 73 55 33 76 17 22 33 88 63 47 38 39 12 19 7  18 78 75 84 33 24 32 88 37 43 43 49 71 48 14 36 24 42 45 41 5  50 65 14 61 2  71 90 89 85 59 32 56 45 68 44 31 57 39 28 73 51 26 47 48 61 82 51 46 38 8  14 27 43 24 79 30 5  0  58 46 23 10 24 8  58 8  1  77 49 71 46 31 65 56 76 90 86 80 
49 29 51 17 47 50 3  80 32 34 4  35 15 57 74 18 1  89 22 74 57 1  44 82 81 87 28 63 73 4  60 81 62 25 43 31 32 70 39 46 8  67 81 12 81 40 17 89 10 9  44 67 36 23 4  22 55 45 18 17 87 40 75 36 78 17 77 72 84 76 56 47 73 1  4  81 43 81 70 19 0  40 48 9  62 71 1  57 73 82 65 81 27 72 90 23 52 19 37 44 
74 31 61 51 60 54 34 17 4  26 19 38 40 15 32 73 45 72 79 65 7  56 82 33 20 86 20 88 5  78 78 75 26 40 84 48 14 20 81 24 4  8  41 80 50 59 30 39 19 71 21 69 64 11 51 47 62 16 57 53 31 23 18 34 17 81 27 76 15 70 36 61 75 61 48 77 66 6  85 7  37 0  58 63 85 80 14 38 11 41 87 25 30 1  55 32 49 82 26 18 
34 71 86 23 78 1  31 18 6  33 62 5  82 2  65 34 45 68 60 25 55 6  68 69 78 89 30 87 48 88 79 35 45 80 69 32 44 55 75 32 58 17 37 1  65 27 18 38 2  40 63 5  70 5  81 22 28 26 23 79 36 72 69 26 19 53 29 19 7  6  43 52 52 72 74 57 65 49 63 75 57 79 0  39 19 4  68 59 4  33 50 57 15 34 16 86 52 69 51 81 
12 82 29 57 83 65 78 58 89 11 8  30 20 18 3  45 88 15 39 86 72 78 80 23 72 8  8  78 88 30 71 8  65 67 29 88 31 7  35 69 14 50 66 13 41 41 33 79 35 5  19 67 1  58 29 67 12 59 84 52 75 36 34 65 58 74 53 60 58 54 36 86 27 82 85 14 10 69 3  5  9  89 48 0  41 71 15 37 72 28 83 1  10 47 49 69 10 70 72 16 
25 42 15 79 33 25 72 57 38 26 60 69 30 72 51 9  7  47 39 6  18 74 56 36 49 69 10 26 65 12 19 36 32 78 47 17 12 44 25 50 22 30 8  60 64 87 34 15 5  4  72 19 62 80 78 89 79 71 19 59 31 81 25 54 90 4  75 5  13 48 79 19 5  31 72 37 36 35 16 56 12 74 10 19 0  80 48 12 87 44 11 27 29 41 9  66 42 5  37 89 
48 90 82 50 53 54 40 61 17 27 34 75 34 34 14 19 71 70 37 24 46 10 37 18 88 26 90 31 34 82 30 88 78 40 13 66 62 53 25 45 19 44 54 14 54 61 31 31 34 28 49 30 9  53 65 71 89 15 10 5  7  56 55 30 21 47 8  38 15 48 56 51 9  78 63 59 64 47 9  84 50 85 26 66 1  0  85 20 30 15 74 52 60 9  79 19 70 49 84 69 
63 12 66 18 32 81 88 24 21 50 16 10 76 66 15 72 13 72 84 40 49 45 20 40 26 13 3  36 90 33 71 21 14 90 11 6  37 25 54 88 84 39 33 49 31 75 56 46 20 23 56 50 58 63 40 34 29 55 71 15 78 2  81 54 38 47 42 5  47 15 37 72 25 80 87 53 63 18 26 37 56 88 78 63 82 35 0  73 83 17 51 90 38 36 10 3  82 71 62 61 
34 83 29 47 75 79 50 40 17 83 81 13 10 20 7  77 24 14 66 62 7  31 18 72 74 84 36 3  59 58 3  67 43 28 79 45 78 57 28 10 32 22 65 63 19 35 87 13 38 14 50 4  72 39 19 15 33 17 55 35 30 76 58 59 57 75 9  46 70 62 44 16 74 46 76 57 52 21 69 1  44 20 87 20 66 74 28 0  35 47 27 46 22 5  44 56 60 39 65 37 
63 24 63 51 54 25 56 67 14 32 14 81 89 13 44 14 45 56 1  29 41 8  5  67 42 16 60 38 17 12 78 23 73 83 16 57 1  27 55 71 82 55 21 5  10 43 23 34 68 30 15 55 81 8  79 90 13 36 13 2  48 15 15 19 8  10 18 74 44 76 75 9  47 46 77 81 33 55 88 34 19 59 4  50 44 21 19 58 0  43 31 70 66 60 29 62 34 77 57 48 
84 44 76 55 35 14 44 62 87 14 82 47 59 64 24 64 34 11 61 70 80 51 64 37 13 67 76 65 41 43 49 58 46 27 72 78 30 47 21 72 89 41 44 63 2  30 20 20 37 26 86 33 25 52 9  8  72 50 39 7  29 45 63 8  45 69 5  75 27 74 24 75 77 11 68 57 10 46 55 84 84 90 9  18 82 55 6  26 11 0  4  72 48 64 4  69 44 1  82 18 
48 4  2  50 3  39 73 21 83 87 14 6  41 78 73 79 24 60 59 45 83 19 5  33 81 55 36 70 49 28 4  90 59 90 72 19 24 47 67 45 78 45 34 25 83 82 63 80 90 69 77 85 1  22 13 59 81 5  42 10 71 42 15 84 34 20 65 74 11 77 79 49 11 29 22 30 13 28 9  51 73 48 86 16 4  4  66 86 30 3  0  84 55 57 55 71 87 90 66 14 
68 41 6  82 14 61 47 31 36 20 31 66 52 69 59 22 5  2  64 31 80 8  14 57 26 12 15 59 13 44 32 11 65 67 48 72 33 14 21 23 76 5  4  65 17 22 30 72 64 53 30 82 1  41 78 42 7  10 80 44 48 86 29 84 45 19 5  8  70 37 59 58 70 49 63 31 13 27 59 68 85 67 32 6  48 14 83 11 64 44 6  0  32 56 8  40 52 19 36 3  
75 29 84 87 88 38 25 23 58 84 13 39 86 42 50 75 27 26 55 59 75 30 85 68 60 32 83 33 28 84 84 23 60 55 14 60 1  66 44 73 86 8  56 81 62 11 86 41 25 82 21 83 73 53 27 74 76 65 15 88 70 55 35 46 68 81 73 62 89 82 65 46 1  45 19 20 45 85 66 52 32 22 37 38 56 7  64 44 12 30 6  25 0  63 24 82 86 24 34 70 
20 14 23 26 28 7  43 11 8  1  57 66 84 55 20 50 83 42 50 12 60 31 74 14 10 65 37 35 55 64 25 13 65 24 21 36 19 27 70 24 85 40 18 56 72 89 51 73 55 88 86 52 87 66 77 63 48 2  78 15 49 3  38 49 29 82 27 1  75 32 9  35 11 59 22 74 53 34 53 68 16 76 7  56 82 55 32 47 16 85 74 36 28 0  88 24 24 23 54 30 
62 21 15 28 76 48 15 26 52 20 84 59 23 9  48 58 9  21 19 30 8  7  26 25 32 49 87 43 16 45 3  72 9  76 54 17 31 34 71 59 55 2  58 64 34 50 30 53 9  34 29 80 15 42 46 36 35 34 67 1  6  32 82 88 43 90 17 67 72 87 49 70 83 55 32 82 39 59 71 57 81 35 11 78 22 83 49 33 16 9  65 45 90 34 0  50 27 17 78 33 
30 13 81 51 23 32 38 4  28 11 27 8  62 24 10 26 25 29 21 12 85 46 61 78 27 33 36 66 72 19 67 7  4  47 31 84 35 59 23 60 18 40 9  31 32 14 58 12 54 7  34 33 32 49 17 90 47 3  34 9  55 43 77 79 33 14 12 14 9  60 90 7  70 46 53 39 88 71 78 68 89 30 55 17 58 59 11 55 51 82 17 52 87 41 26 0  59 62 87 22 
50 43 83 15 69 22 25 87 68 41 67 64 56 54 14 67 65 35 37 30 84 86 48 61 31 83 47 13 5  71 51 57 71 2  35 3  58 66 26 79 2  80 13 33 27 68 37 27 36 49 32 28 73 25 70 68 30 44 66 62 29 31 22 31 1  68 89 28 29 37 67 37 14 55 60 59 66 52 71 88 2  18 70 17 44 85 46 29 39 61 66 66 7  38 59 80 0  23 54 36 
25 54 37 63 52 23 5  73 58 61 78 72 51 24 70 89 6  28 22 20 12 20 84 83 89 3  29 37 30 39 71 51 54 36 67 42 38 39 51 88 9  59 40 30 4  40 80 60 4  80 23 67 19 37 38 77 37 44 60 26 10 75 79 42 52 67 53 16 4  63 62 38 4  39 80 69 14 51 35 31 84 72 23 70 8  33 79 49 4  56 33 57 74 31 16 80 62 0  38 83 
32 67 87 57 85 24 55 89 78 58 20 60 46 32 70 89 27 46 81 81 25 82 18 35 42 30 18 52 20 31 73 43 3  89 45 35 31 9  9  34 16 24 52 11 21 56 34 4  55 65 9  51 59 79 82 87 52 74 9  67 19 7  41 4  67 70 58 37 58 17 35 49 12 20 90 90 50 67 22 24 69 74 34 39 48 13 75 14 16 50 5  78 71 55 55 36 29 1  0  90 
21 3  35 14 68 66 83 67 13 79 63 7  1  71 56 63 89 42 70 19 35 69 40 60 10 65 39 48 76 59 7  9  19 3  39 8  6  64 43 31 35 62 56 39 88 7  62 33 56 28 38 24 4  39 8  61 74 82 88 75 88 30 31 54 36 56 61 9  82 64 1  12 53 47 43 35 15 66 5  15 26 2  90 69 44 38 56 23 61 80 81 70 33 83 36 37 71 59 61 0  
